-261.42559292426824 -255.6869183385413 312.3572436500688 -26.49237642153565 53.78709288425797 96.78698230219373
-274.8848672307162 -255.68691833854137 300.58060160966005 -30.746143707652873 54.009485713513435 93.34950168038057
-288.50077579223534 -255.68691833854126 287.5372856930941 -35.26289424234348 54.079944100750375 89.6926495008947
-292.384442829366 -275.0483346839263 292.4118930660123 -35.29542328754569 51.95289667950439 91.36163678158462
-279.2668750891647 -275.0483346839264 304.96457186535736 -31.2241033335186 51.82275255334837 94.56548263260923
-291.85765787675916 -235.68650262046498 302.1006086835964 -33.74989797283527 56.22939603639544 89.25519705364273
-305.4369617239996 -258.384942379045 300.5593587214986 -34.3180368337247 56.260933421406286 93.42110497354416
-296.11862701689876 -246.24879667784418 294.47870497666946 -35.13223422012988 57.771263829140246 89.48018964863464
-297.78804203835267 -222.58542561187713 296.6617910251261 -31.7929515824177 61.64263299807331 91.35372995010853
-308.63838590047374 -196.33363865642914 287.4965741157659 -36.2792056324235 64.40870193954206 85.11667349739129
-308.68548396644843 -179.46003451526587 287.55467434578605 -36.712169168858054 66.1876041767856 83.25763706877699
-300.1661505815622 -291.44418081154856 277.15884545450416 -36.070107109252326 54.21704291691782 93.68022706963728
-279.8112949067853 -291.4563622739772 297.6978504305613 -29.212746994852512 53.7586913796608 99.23070168076745
-277.18429774772113 -275.1936855534156 293.9934210308975 -28.717100649420075 55.61159788720353 98.30844226844359
-285.13050176175955 -277.72668863262413 287.57650174016055 -29.489747636185808 57.20164013397658 99.7915816169981
-275.55915484724926 -255.95253558583715 266.5505640116989 -31.81096947613314 62.420813475264964 93.64905274610898
-291.2153968947844 -255.95253558583718 249.35044336535333 -39.326537290040264 62.4400826791365 86.98483463150033
-275.6480331145578 -229.35489605081744 250.7621048963434 -34.975280192921375 65.7373918945268 88.41021243137324
-267.9143402014375 -203.3477652258022 240.40289350040126 -35.425288443775315 69.02487820570325 85.5378271681427
-267.53428648580285 -231.14340966094838 237.20479765275445 -35.584476017151964 65.39442544459901 88.10680462280848
